X Y Voltaje
  V
1 1 3,85
1 2 3,81
1 4 3,83
1 6 3,84
1 8 3,86
1 10 3,95
1 12 3,91
1 14 3,96
1 16 3,94
1 18 3,89
1 20 3,83
3 1 3,42
3 2 3,42
3 4 3,47
3 6 3,48
3 8 3,5
3 10 3,49
3 12 3,5
3 14 3,48
3 16 3,49
3 18 3,5
3 20 3,48
5 1 3,06
5 2 3,07
5 4 3,11
5 6 3,12
5 8 3,12
5 10 3,06
5 12 3,09
5 14 3,08
5 16 3,1
5 18 3,07
5 20 3,08
7 1 2,66
7 2 2,65
7 4 2,67
7 6 2,68
7 8 2,7
7 10 2,65
7 12 2,69
7 14 2,65
7 16 2,64
7 18 2,68
7 20 2,63
9 1 2,24
9 2 2,25
9 4 2,26
9 6 2,24
9 8 2,24
9 10 2,25
9 12 2,26
9 14 2,25
9 16 2,25
9 18 2,23
9 20 2,24
11 1 1,85
11 2 1,86
11 4 1,83
11 6 1,84
11 8 1,84
11 10 1,84
11 12 1,83
11 14 1,83
11 16 1,82
11 18 1,81
11 20 1,82
13 1 1,46
13 2 1,46
13 4 1,45
13 6 1,44
13 8 1,42
13 10 1,42
13 12 1,41
13 14 1,41
13 16 1,42
13 18 1,42
13 20 1,42
15 1 1,06
15 2 1,073
15 4 1,052
15 6 1,04
15 8 1,034
15 10 1,026
15 12 1,013
15 14 1,009
15 16 1,009
15 18 1,004
15 20 1,002
17 1 0,654
17 2 0,642
17 4 0,632
17 6 0,632
17 8 0,645
17 10 0,609
17 12 0,612
17 14 0,601
17 16 0,6
17 18 0,618
17 20 0,613
19 1 0,273
19 2 0,25
19 4 0,245
19 6 0,252
19 8 0,246
19 10 0,253
19 12 0,256
19 14 0,235
19 16 0,243
19 18 0,24
19 20 0,294
